BUS_TOT_W=34 BUS_INT_W=12 RMSE=0.196883
BUS_TOT_W=34 BUS_INT_W=14 RMSE=0.203641
BUS_TOT_W=34 BUS_INT_W=16 RMSE=0.272029
BUS_TOT_W=34 BUS_INT_W=18 RMSE=0.000651579
