BUS_TOT_W=38 BUS_INT_W=12 RMSE=0.197057
BUS_TOT_W=38 BUS_INT_W=14 RMSE=0.203915
BUS_TOT_W=40 BUS_INT_W=12 RMSE=0.197057
BUS_TOT_W=40 BUS_INT_W=14 RMSE=0.203926
